Wed Sep 23 03:57:04 EDT 2015
14
17
52
41
22
42
33
33
12
76
12
10
27
15
90
11
384
39
22
25
29
51
18
135
14
38
9
6
39
38
15
66
18
20
17
166
13
31
19
29
26
19
80
14
10
0
15
49
16
0
37
19
14
34
25
20
40
17
42
12
11
417
14
38
18
25
15
158
17
35
13
24
19
20
59
16
10
21
27
49
17
372
31
38
19
44
12
10
14
16
43
14
0
31
16
19
25
42
18
42
13
52
11
18
20
19
70
16
8
20
22
47
16
373
25
41
15
56
12
11
25
14
39
13
402
51
20
16
45
21
21
47
14
47
10
29
22
22
46
21
14
14
36
24
17
2
23
33
19
69
23
21
37
17
48
10
13
13
22
57
22
30
9
45
37
29
0
26
36
15
72
12
11
23
15
48
15
0
14
18
17
28
26
15
120
17
30
11
19
33
28
62
19
9
12
16
28
27
0
48
32
21
67
13
16
24
21
66
21
458
15
21
15
84
0
64
34
14
87
18
53
2
21
57
41
434
54
0
22
42
0
72
32
13
65
18
40
23
18
64
16
491
528
15
15
34
0
40
237
21
30
17
49
15
29
74
24
10
0
20
33
43
412
69
27
21
60
21
30
29
18
51
21
495
512
28
23
27
0
38
247
20
48
19
49
23
25
86
28
8
32
0
30
44
9
66
26
32
56
25
14
48
22
42
28
446
64
51
22
46
17
19
31
30
62
26
510
522
36
29
31
2
26
215
31
39
25
59
22
36
44
27
9
38
24
34
43
17
70
55
34
65
23
21
29
36
23
21
24
7
41
24
37
6
23
33
32
30
20
65
28
40
60
31
15
38
36
39
29
498
20
53
29
49
9
23
130
33
43
20
55
22
41
37
41
9
28
39
33
61
12
73
67
36
58
34
38
20
37
43
33
25
471
38
30
47
5
50
59
33
52
28
69
33
38
49
31
18
12
38
38
53
2
71
55
34
41
26
35
35
36
48
30
36
426
43
32
74
7
48
71
33
64
17
72
43
38
64
49
24
19
39
50
71
11
459
38
34
79
Wed Sep 23 04:24:32 EDT 2015
Wed Sep 23 04:26:09 EDT 2015
Wed Sep 23 04:26:42 EDT 2015
Wed Sep 23 04:33:28 EDT 2015
Wed Sep 23 04:35:02 EDT 2015
Wed Sep 23 04:45:29 EDT 2015
Wed Sep 23 04:47:49 EDT 2015
Wed Sep 23 06:20:48 EDT 2015
Wed Sep 23 06:24:12 EDT 2015
Wed Sep 23 06:27:12 EDT 2015
Wed Sep 23 06:45:46 EDT 2015
Wed Sep 23 06:47:13 EDT 2015
Wed Sep 23 07:26:03 EDT 2015
Wed Sep 23 07:26:58 EDT 2015
Wed Sep 23 07:30:39 EDT 2015
Wed Sep 23 07:33:53 EDT 2015
Wed Sep 23 07:36:16 EDT 2015
Wed Sep 23 07:37:42 EDT 2015
Wed Sep 23 07:39:18 EDT 2015
Wed Sep 23 07:39:31 EDT 2015
Wed Sep 23 07:43:14 EDT 2015
Wed Sep 23 08:02:01 EDT 2015
Wed Sep 23 08:12:44 EDT 2015
Wed Sep 23 08:22:14 EDT 2015
Wed Sep 23 08:28:09 EDT 2015
Wed Sep 23 08:35:18 EDT 2015
Wed Sep 23 08:36:20 EDT 2015
Wed Sep 23 08:45:41 EDT 2015
Wed Sep 23 08:46:15 EDT 2015
Wed Sep 23 09:01:43 EDT 2015
Wed Sep 23 09:14:21 EDT 2015
Wed Sep 23 09:30:01 EDT 2015
Wed Sep 23 09:33:54 EDT 2015
Wed Sep 23 09:41:59 EDT 2015
Wed Sep 23 09:48:53 EDT 2015
Wed Sep 23 10:07:03 EDT 2015
Wed Sep 23 10:17:29 EDT 2015
Wed Sep 23 10:19:54 EDT 2015
Thu Sep 24 04:44:56 EDT 2015
Thu Sep 24 04:47:11 EDT 2015
Thu Sep 24 04:48:44 EDT 2015
Thu Sep 24 04:50:31 EDT 2015
Thu Sep 24 04:54:57 EDT 2015
